data,split,embed,batchsize,depth,trainacc,testacc,tp,tn,fp,fn,recall,precision,epoch,epochtime,besttime,trainingtime
lower-rw-pw,1,8,12,0,48.31,49.33,37,0,38,0,100.00,49.33,1,7.12,7.12,7.12
lower-rw-pw,1,8,12,0,52.00,50.67,0,38,0,37,0.00,0.00,2,7.12,14.24,14.24
lower-rw-pw,1,8,12,0,52.00,50.67,0,38,0,37,0.00,0.00,3,6.95,20.84,20.84
lower-rw-pw,1,8,12,0,52.00,50.67,0,38,0,37,0.00,0.00,4,6.82,27.29,27.29
lower-rw-pw,1,8,12,0,78.46,64.00,16,32,6,21,43.24,72.73,5,6.82,34.11,34.11
lower-rw-pw,1,8,12,0,71.08,53.33,37,3,35,0,100.00,51.39,6,6.77,34.11,40.62
lower-rw-pw,1,8,12,0,81.54,50.67,30,8,30,7,81.08,50.00,7,6.76,34.11,47.32
lower-rw-pw,1,8,12,0,87.08,54.67,35,6,32,2,94.59,52.24,8,6.74,34.11,53.92
lower-rw-pw,1,8,12,0,87.38,54.67,33,8,30,4,89.19,52.38,9,6.72,34.11,60.49
lower-rw-pw,1,8,12,0,88.00,52.00,33,6,32,4,89.19,50.77,10,6.72,34.11,67.21
lower-rw-pw,1,8,12,0,88.31,49.33,33,4,34,4,89.19,49.25,11,6.72,34.11,73.92
lower-rw-pw,1,8,12,0,88.92,49.33,33,4,34,4,89.19,49.25,12,6.72,34.11,80.59
lower-rw-pw,1,8,12,0,88.92,49.33,33,4,34,4,89.19,49.25,13,6.72,34.11,87.39
lower-rw-pw,1,8,12,0,88.62,48.00,31,5,33,6,83.78,48.44,14,6.70,34.11,93.77
lower-rw-pw,1,8,12,0,89.54,45.33,30,4,34,7,81.08,46.88,15,6.71,34.11,100.60
lower-rw-pw,1,8,12,0,88.92,52.00,28,11,27,9,75.68,50.91,16,6.70,34.11,107.17
lower-rw-pw,1,8,12,0,89.85,48.00,28,8,30,9,75.68,48.28,17,6.70,34.11,113.83
lower-rw-pw,1,8,12,0,90.15,48.00,28,8,30,9,75.68,48.28,18,6.69,34.11,120.50
lower-rw-pw,1,8,12,0,89.54,48.00,28,8,30,9,75.68,48.28,19,6.67,34.11,126.77
lower-rw-pw,1,8,12,0,90.46,46.67,28,7,31,9,75.68,47.46,20,6.66,34.11,133.21
lower-rw-pw,1,8,12,0,90.46,46.67,28,7,31,9,75.68,47.46,21,6.68,34.11,140.18
lower-rw-pw,1,8,12,0,90.15,46.67,28,7,31,9,75.68,47.46,22,6.67,34.11,146.83
lower-rw-pw,1,8,12,0,90.15,46.67,28,7,31,9,75.68,47.46,23,6.66,34.11,153.24
lower-rw-pw,1,8,12,0,88.00,49.33,28,9,29,9,75.68,49.12,24,6.66,34.11,159.84
lower-rw-pw,1,8,12,0,89.23,48.00,29,7,31,8,78.38,48.33,25,6.65,34.11,166.28
lower-rw-pw,1,8,12,0,91.38,48.00,29,7,31,8,78.38,48.33,26,6.65,34.11,172.91
lower-rw-pw,1,8,12,0,89.23,49.33,29,8,30,8,78.38,49.15,27,6.63,34.11,179.00
lower-rw-pw,1,8,12,0,89.54,52.00,29,10,28,8,78.38,50.88,28,6.62,34.11,185.43
lower-rw-pw,1,8,12,0,90.15,46.67,23,12,26,14,62.16,46.94,29,6.63,34.11,192.41
lower-rw-pw,1,8,12,0,90.46,64.00,22,26,12,15,59.46,64.71,30,6.61,198.31,198.31
lower-rw-pw,1,8,12,0,92.92,45.33,22,12,26,15,59.46,45.83,31,6.63,198.31,205.44
prefix-rw-pw,1,8,12,0,51.69,50.67,0,38,0,37,0.00,0.00,1,5.76,5.76,5.76
prefix-rw-pw,1,8,12,0,51.69,50.67,0,38,0,37,0.00,0.00,2,5.86,11.71,11.71
prefix-rw-pw,1,8,12,0,51.69,50.67,0,38,0,37,0.00,0.00,3,5.81,17.44,17.44
prefix-rw-pw,1,8,12,0,64.92,50.67,0,38,0,37,0.00,0.00,4,5.84,23.36,23.36
prefix-rw-pw,1,8,12,0,60.62,52.00,37,2,36,0,100.00,50.68,5,5.84,29.20,29.20
prefix-rw-pw,1,8,12,0,86.46,73.33,30,25,13,7,81.08,69.77,6,5.87,35.22,35.22
prefix-rw-pw,1,8,12,0,89.23,80.00,35,25,13,2,94.59,72.92,7,5.91,41.37,41.37
prefix-rw-pw,1,8,12,0,86.46,77.33,35,23,15,2,94.59,70.00,8,5.92,41.37,47.34
prefix-rw-pw,1,8,12,0,85.85,76.00,35,22,16,2,94.59,68.63,9,5.92,41.37,53.27
prefix-rw-pw,1,8,12,0,85.85,76.00,35,22,16,2,94.59,68.63,10,5.85,41.37,58.50
prefix-rw-pw,1,8,12,0,89.23,76.00,35,22,16,2,94.59,68.63,11,5.81,41.37,63.93
prefix-rw-pw,1,8,12,0,89.54,76.00,35,22,16,2,94.59,68.63,12,5.78,41.37,69.31
prefix-rw-pw,1,8,12,0,89.54,76.00,35,22,16,2,94.59,68.63,13,5.75,41.37,74.69
prefix-rw-pw,1,8,12,0,89.54,76.00,35,22,16,2,94.59,68.63,14,5.77,41.37,80.74
prefix-rw-pw,1,8,12,0,90.15,81.33,34,27,11,3,91.89,75.56,15,5.77,86.60,86.60
prefix-rw-pw,1,8,12,0,90.15,80.00,35,25,13,2,94.59,72.92,16,5.77,86.60,92.34
prefix-rw-pw,1,8,12,0,90.15,77.33,35,23,15,2,94.59,70.00,17,5.79,86.60,98.49
prefix-rw-pw,1,8,12,0,90.46,76.00,29,28,10,8,78.38,74.36,18,5.81,86.60,104.61
prefix-rw-pw,1,8,12,0,86.46,73.33,37,18,20,0,100.00,64.91,19,5.83,86.60,110.72
prefix-rw-pw,1,8,12,0,86.77,72.00,37,17,21,0,100.00,63.79,20,5.82,86.60,116.42
prefix-rw-pw,1,8,12,0,89.23,66.67,32,18,20,5,86.49,61.54,21,5.82,86.60,122.16
prefix-rw-pw,1,8,12,0,89.85,65.33,31,18,20,6,83.78,60.78,22,5.82,86.60,128.02
prefix-rw-pw,1,8,12,0,90.15,72.00,35,19,19,2,94.59,64.81,23,5.81,86.60,133.58
prefix-rw-pw,1,8,12,0,92.00,64.00,27,21,17,10,72.97,61.36,24,5.79,86.60,139.03
prefix-rw-pw,1,8,12,0,87.38,65.33,23,26,12,14,62.16,65.71,25,5.79,86.60,144.84
prefix-rw-pw,1,8,12,0,92.92,70.67,30,23,15,7,81.08,66.67,26,5.80,86.60,150.84
prefix-rw-pw,1,8,12,0,92.62,72.00,31,23,15,6,83.78,67.39,27,5.83,86.60,157.40
prefix-rw-pw,1,8,12,0,93.23,70.67,31,22,16,6,83.78,65.96,28,5.85,86.60,163.76
prefix-rw-pw,1,8,12,0,93.23,70.67,31,22,16,6,83.78,65.96,29,5.87,86.60,170.15
prefix-rw-pw,1,8,12,0,92.92,72.00,31,23,15,6,83.78,67.39,30,5.88,86.60,176.53
prefix-rw-pw,1,8,12,0,92.92,72.00,31,23,15,6,83.78,67.39,31,5.89,86.60,182.56
ANSed-rw-pw,1,8,12,0,51.69,50.67,0,38,0,37,0.00,0.00,1,4.73,4.73,4.73
ANSed-rw-pw,1,8,12,0,64.00,50.67,0,38,0,37,0.00,0.00,2,4.59,9.19,9.19
ANSed-rw-pw,1,8,12,0,69.85,49.33,0,37,1,37,0.00,0.00,3,4.64,9.19,13.92
ANSed-rw-pw,1,8,12,0,80.62,54.67,35,6,32,2,94.59,52.24,4,4.67,18.68,18.68
ANSed-rw-pw,1,8,12,0,81.54,70.67,19,34,4,18,51.35,82.61,5,4.70,23.50,23.50
ANSed-rw-pw,1,8,12,0,80.00,73.33,21,34,4,16,56.76,84.00,6,4.68,28.07,28.07
ANSed-rw-pw,1,8,12,0,83.38,61.33,12,34,4,25,32.43,75.00,7,4.65,28.07,32.58
ANSed-rw-pw,1,8,12,0,91.69,76.00,23,34,4,14,62.16,85.19,8,4.64,37.12,37.12
ANSed-rw-pw,1,8,12,0,91.08,73.33,22,33,5,15,59.46,81.48,9,4.66,37.12,41.93
ANSed-rw-pw,1,8,12,0,89.85,66.67,29,21,17,8,78.38,63.04,10,4.65,37.12,46.54
ANSed-rw-pw,1,8,12,0,90.46,65.33,29,20,18,8,78.38,61.70,11,4.72,37.12,51.90
ANSed-rw-pw,1,8,12,0,91.08,73.33,26,29,9,11,70.27,74.29,12,4.70,37.12,56.41
ANSed-rw-pw,1,8,12,0,77.23,48.00,1,35,3,36,2.70,25.00,13,4.70,37.12,61.14
ANSed-rw-pw,1,8,12,0,79.08,48.00,1,35,3,36,2.70,25.00,14,4.67,37.12,65.45
ANSed-rw-pw,1,8,12,0,79.38,48.00,1,35,3,36,2.70,25.00,15,4.66,37.12,69.92
ANSed-rw-pw,1,8,12,0,82.77,50.67,3,35,3,34,8.11,50.00,16,4.68,37.12,74.87
ANSed-rw-pw,1,8,12,0,83.38,50.67,3,35,3,34,8.11,50.00,17,4.68,37.12,79.54
ANSed-rw-pw,1,8,12,0,83.38,50.67,3,35,3,34,8.11,50.00,18,4.67,37.12,84.07
ANSed-rw-pw,1,8,12,0,84.31,50.67,3,35,3,34,8.11,50.00,19,4.66,37.12,88.59
ANSed-rw-pw,1,8,12,0,86.77,50.67,3,35,3,34,8.11,50.00,20,4.65,37.12,93.09
ANSed-rw-pw,1,8,12,0,86.77,57.33,8,35,3,29,21.62,72.73,21,4.66,37.12,97.80
ANSed-rw-pw,1,8,12,0,87.69,57.33,8,35,3,29,21.62,72.73,22,4.65,37.12,102.30
ANSed-rw-pw,1,8,12,0,87.69,57.33,8,35,3,29,21.62,72.73,23,4.65,37.12,107.04
ANSed-rw-pw,1,8,12,0,90.15,57.33,8,35,3,29,21.62,72.73,24,4.65,37.12,111.70
ANSed-rw-pw,1,8,12,0,90.15,57.33,8,35,3,29,21.62,72.73,25,4.65,37.12,116.30
ANSed-rw-pw,1,8,12,0,90.15,57.33,8,35,3,29,21.62,72.73,26,4.65,37.12,120.99
ANSed-rw-pw,1,8,12,0,89.85,50.67,3,35,3,34,8.11,50.00,27,4.65,37.12,125.66
ANSed-rw-pw,1,8,12,0,90.46,50.67,3,35,3,34,8.11,50.00,28,4.65,37.12,130.08
ANSed-rw-pw,1,8,12,0,90.46,50.67,3,35,3,34,8.11,50.00,29,4.65,37.12,134.85
ANSed-rw-pw,1,8,12,0,90.46,50.67,3,35,3,34,8.11,50.00,30,4.66,37.12,139.71
ANSed-rw-pw,1,8,12,0,90.77,50.67,3,35,3,34,8.11,50.00,31,4.67,37.12,144.73
ANSed-rw-pw,1,8,12,0,90.77,50.67,3,35,3,34,8.11,50.00,32,4.67,37.12,149.44
ANSed-rw-pw,1,8,12,0,90.77,50.67,3,35,3,34,8.11,50.00,33,4.65,37.12,153.37
ANSed-rw-pw,1,8,12,0,91.08,50.67,3,35,3,34,8.11,50.00,34,4.64,37.12,157.81
ANSed-rw-pw,1,8,12,0,91.08,50.67,3,35,3,34,8.11,50.00,35,4.64,37.12,162.31
ANSed-rw-pw,1,8,12,0,91.69,50.67,3,35,3,34,8.11,50.00,36,4.63,37.12,166.78
ANSed-rw-pw,1,8,12,0,92.92,48.00,7,29,9,30,18.92,43.75,37,4.63,37.12,171.22
ANSed-rw-pw,1,8,12,0,93.23,48.00,7,29,9,30,18.92,43.75,38,4.63,37.12,175.80
ANSed-rw-pw,1,8,12,0,93.23,48.00,7,29,9,30,18.92,43.75,39,4.63,37.12,180.45
ANSed-rw-pw,1,8,12,0,93.23,48.00,7,29,9,30,18.92,43.75,40,4.62,37.12,184.88
numbers-rw-pw,1,8,12,0,51.69,50.67,0,38,0,37,0.00,0.00,1,4.27,4.27,4.27
numbers-rw-pw,1,8,12,0,63.69,50.67,0,38,0,37,0.00,0.00,2,4.37,8.74,8.74
numbers-rw-pw,1,8,12,0,51.69,50.67,0,38,0,37,0.00,0.00,3,4.28,12.83,12.83
numbers-rw-pw,1,8,12,0,67.69,50.67,0,38,0,37,0.00,0.00,4,4.20,16.79,16.79
numbers-rw-pw,1,8,12,0,82.77,73.33,35,20,18,2,94.59,66.04,5,4.24,21.21,21.21
numbers-rw-pw,1,8,12,0,85.54,70.67,18,35,3,19,48.65,85.71,6,4.28,21.21,25.68
numbers-rw-pw,1,8,12,0,86.46,73.33,21,34,4,16,56.76,84.00,7,4.31,30.15,30.15
numbers-rw-pw,1,8,12,0,86.15,73.33,21,34,4,16,56.76,84.00,8,4.30,34.40,34.40
numbers-rw-pw,1,8,12,0,86.77,73.33,21,34,4,16,56.76,84.00,9,4.33,38.98,38.98
numbers-rw-pw,1,8,12,0,88.92,73.33,21,34,4,16,56.76,84.00,10,4.36,43.61,43.61
numbers-rw-pw,1,8,12,0,89.85,73.33,21,34,4,16,56.76,84.00,11,4.36,47.92,47.92
numbers-rw-pw,1,8,12,0,87.38,68.00,17,34,4,20,45.95,80.95,12,4.34,47.92,52.03
numbers-rw-pw,1,8,12,0,90.77,73.33,21,34,4,16,56.76,84.00,13,4.33,56.29,56.29
numbers-rw-pw,1,8,12,0,90.46,69.33,18,34,4,19,48.65,81.82,14,4.33,56.29,60.59
numbers-rw-pw,1,8,12,0,90.77,73.33,21,34,4,16,56.76,84.00,15,4.35,65.31,65.31
numbers-rw-pw,1,8,12,0,90.77,74.67,21,35,3,16,56.76,87.50,16,4.36,69.78,69.78
numbers-rw-pw,1,8,12,0,90.77,60.00,10,35,3,27,27.03,76.92,17,4.37,69.78,74.26
numbers-rw-pw,1,8,12,0,91.38,60.00,10,35,3,27,27.03,76.92,18,4.36,69.78,78.49
numbers-rw-pw,1,8,12,0,91.38,60.00,10,35,3,27,27.03,76.92,19,4.37,69.78,83.01
numbers-rw-pw,1,8,12,0,91.69,76.00,22,35,3,15,59.46,88.00,20,4.37,87.36,87.36
numbers-rw-pw,1,8,12,0,91.69,76.00,23,34,4,14,62.16,85.19,21,4.37,91.78,91.78
numbers-rw-pw,1,8,12,0,92.00,76.00,23,34,4,14,62.16,85.19,22,4.38,96.42,96.42
numbers-rw-pw,1,8,12,0,93.23,76.00,23,34,4,14,62.16,85.19,23,4.39,100.87,100.87
numbers-rw-pw,1,8,12,0,93.23,77.33,23,35,3,14,62.16,88.46,24,4.37,104.99,104.99
numbers-rw-pw,1,8,12,0,93.23,77.33,23,35,3,14,62.16,88.46,25,4.36,109.10,109.10
numbers-rw-pw,1,8,12,0,93.54,77.33,23,35,3,14,62.16,88.46,26,4.36,113.25,113.25
numbers-rw-pw,1,8,12,0,93.54,77.33,23,35,3,14,62.16,88.46,27,4.36,117.84,117.84
numbers-rw-pw,1,8,12,0,93.85,77.33,23,35,3,14,62.16,88.46,28,4.37,122.35,122.35
numbers-rw-pw,1,8,12,0,94.15,77.33,23,35,3,14,62.16,88.46,29,4.37,126.83,126.83
numbers-rw-pw,1,8,12,0,93.54,70.67,18,35,3,19,48.65,85.71,30,4.36,126.83,130.84
numbers-rw-pw,1,8,12,0,93.85,70.67,18,35,3,19,48.65,85.71,31,4.34,126.83,134.64
numbers-rw-pw,1,8,12,0,93.54,70.67,18,35,3,19,48.65,85.71,32,4.33,126.83,138.66
numbers-rw-pw,1,8,12,0,92.92,70.67,18,35,3,19,48.65,85.71,33,4.32,126.83,142.63
numbers-rw-pw,1,8,12,0,93.54,70.67,18,35,3,19,48.65,85.71,34,4.32,126.83,147.03
numbers-rw-pw,1,8,12,0,92.92,70.67,18,35,3,19,48.65,85.71,35,4.33,126.83,151.57
numbers-rw-pw,1,8,12,0,92.92,70.67,18,35,3,19,48.65,85.71,36,4.33,126.83,155.99
numbers-rw-pw,1,8,12,0,94.15,70.67,18,35,3,19,48.65,85.71,37,4.33,126.83,160.26
numbers-rw-pw,1,8,12,0,94.15,70.67,18,35,3,19,48.65,85.71,38,4.32,126.83,164.15
numbers-rw-pw,1,8,12,0,94.15,70.67,18,35,3,19,48.65,85.71,39,4.32,126.83,168.45
numbers-rw-pw,1,8,12,0,94.15,70.67,18,35,3,19,48.65,85.71,40,4.32,126.83,172.80
numbers-rw-pw,1,8,12,0,94.15,70.67,18,35,3,19,48.65,85.71,41,4.32,126.83,176.98
Raw-rw-pw,1,8,12,0,51.69,50.67,0,38,0,37,0.00,0.00,1,4.28,4.28,4.28
Raw-rw-pw,1,8,12,0,51.69,50.67,0,38,0,37,0.00,0.00,2,4.41,8.81,8.81
Raw-rw-pw,1,8,12,0,51.69,50.67,0,38,0,37,0.00,0.00,3,4.39,13.18,13.18
Raw-rw-pw,1,8,12,0,64.62,50.67,0,38,0,37,0.00,0.00,4,4.32,17.29,17.29
Raw-rw-pw,1,8,12,0,83.38,72.00,22,32,6,15,59.46,78.57,5,4.36,21.82,21.82
Raw-rw-pw,1,8,12,0,83.08,64.00,11,37,1,26,29.73,91.67,6,4.36,21.82,26.16
Raw-rw-pw,1,8,12,0,87.69,52.00,31,8,30,6,83.78,50.82,7,4.40,21.82,30.83
Raw-rw-pw,1,8,12,0,88.62,53.33,31,9,29,6,83.78,51.67,8,4.41,21.82,35.29
Raw-rw-pw,1,8,12,0,87.08,50.67,31,7,31,6,83.78,50.00,9,4.43,21.82,39.91
Raw-rw-pw,1,8,12,0,88.00,50.67,31,7,31,6,83.78,50.00,10,4.44,21.82,44.40
Raw-rw-pw,1,8,12,0,88.92,50.67,31,7,31,6,83.78,50.00,11,4.44,21.82,48.82
Raw-rw-pw,1,8,12,0,89.85,50.67,31,7,31,6,83.78,50.00,12,4.43,21.82,53.11
Raw-rw-pw,1,8,12,0,90.77,50.67,31,7,31,6,83.78,50.00,13,4.44,21.82,57.69
Raw-rw-pw,1,8,12,0,90.77,50.67,31,7,31,6,83.78,50.00,14,4.44,21.82,62.10
Raw-rw-pw,1,8,12,0,90.77,50.67,31,7,31,6,83.78,50.00,15,4.44,21.82,66.55
Raw-rw-pw,1,8,12,0,91.08,50.67,31,7,31,6,83.78,50.00,16,4.44,21.82,70.98
Raw-rw-pw,1,8,12,0,91.08,52.00,31,8,30,6,83.78,50.82,17,4.45,21.82,75.63
Raw-rw-pw,1,8,12,0,91.08,52.00,31,8,30,6,83.78,50.82,18,4.45,21.82,80.13
Raw-rw-pw,1,8,12,0,91.69,52.00,31,8,30,6,83.78,50.82,19,4.45,21.82,84.58
Raw-rw-pw,1,8,12,0,91.69,52.00,31,8,30,6,83.78,50.82,20,4.45,21.82,89.07
Raw-rw-pw,1,8,12,0,92.00,52.00,31,8,30,6,83.78,50.82,21,4.46,21.82,93.64
Raw-rw-pw,1,8,12,0,91.69,52.00,31,8,30,6,83.78,50.82,22,4.45,21.82,97.92
Raw-rw-pw,1,8,12,0,92.00,52.00,31,8,30,6,83.78,50.82,23,4.45,21.82,102.27
Raw-rw-pw,1,8,12,0,91.38,52.00,31,8,30,6,83.78,50.82,24,4.45,21.82,106.71
Raw-rw-pw,1,8,12,0,92.92,69.33,31,21,17,6,83.78,64.58,25,4.44,21.82,111.07
Raw-rw-pw,1,8,12,0,91.08,72.00,29,25,13,8,78.38,69.05,26,4.44,115.46,115.46
Raw-rw-pw,1,8,12,0,91.38,58.67,36,8,30,1,97.30,54.55,27,4.43,115.46,119.68
Raw-rw-pw,1,8,12,0,92.00,69.33,17,35,3,20,45.95,85.00,28,4.43,115.46,123.96
Raw-rw-pw,1,8,12,0,92.00,45.33,17,17,21,20,45.95,44.74,29,4.42,115.46,128.15
Raw-rw-pw,1,8,12,0,91.69,44.00,18,15,23,19,48.65,43.90,30,4.40,115.46,132.13
Raw-rw-pw,1,8,12,0,92.31,49.33,22,15,23,15,59.46,48.89,31,4.40,115.46,136.37
Raw-rw-pw,1,8,12,0,94.15,49.33,22,15,23,15,59.46,48.89,32,4.40,115.46,140.68
Raw-rw-pw,1,8,12,0,92.62,49.33,22,15,23,15,59.46,48.89,33,4.40,115.46,145.08
Raw-rw-pw,1,8,12,0,92.92,62.67,20,27,11,17,54.05,64.52,34,4.38,115.46,148.99
Raw-rw-pw,1,8,12,0,94.15,70.67,26,27,11,11,70.27,70.27,35,4.38,115.46,153.40
Raw-rw-pw,1,8,12,0,94.77,69.33,24,28,10,13,64.86,70.59,36,4.39,115.46,158.00
lower-rw-rand,1,8,12,0,51.08,53.33,0,40,0,35,0.00,0.00,1,6.23,6.23,6.23
lower-rw-rand,1,8,12,0,51.08,53.33,0,40,0,35,0.00,0.00,2,6.30,12.59,12.59
lower-rw-rand,1,8,12,0,62.15,56.00,2,40,0,33,5.71,100.00,3,6.17,18.52,18.52
lower-rw-rand,1,8,12,0,62.77,58.67,4,40,0,31,11.43,100.00,4,6.15,24.62,24.62
lower-rw-rand,1,8,12,0,86.15,81.33,26,35,5,9,74.29,83.87,5,6.15,30.76,30.76
lower-rw-rand,1,8,12,0,75.69,80.00,28,32,8,7,80.00,77.78,6,6.15,30.76,36.89
lower-rw-rand,1,8,12,0,85.85,93.33,34,36,4,1,97.14,89.47,7,6.15,43.05,43.05
lower-rw-rand,1,8,12,0,86.15,90.67,33,35,5,2,94.29,86.84,8,6.15,43.05,49.17
lower-rw-rand,1,8,12,0,83.69,82.67,25,37,3,10,71.43,89.29,9,6.11,43.05,55.02
lower-rw-rand,1,8,12,0,88.00,92.00,33,36,4,2,94.29,89.19,10,6.13,43.05,61.28
lower-rw-rand,1,8,12,0,85.54,86.67,29,36,4,6,82.86,87.88,11,6.12,43.05,67.30
lower-rw-rand,1,8,12,0,87.38,90.67,32,36,4,3,91.43,88.89,12,6.11,43.05,73.35
lower-rw-rand,1,8,12,0,89.23,92.00,33,36,4,2,94.29,89.19,13,6.14,43.05,79.83
lower-rw-rand,1,8,12,0,88.31,89.33,30,37,3,5,85.71,90.91,14,6.12,43.05,85.64
lower-rw-rand,1,8,12,0,90.46,92.00,32,37,3,3,91.43,91.43,15,6.13,43.05,92.00
lower-rw-rand,1,8,12,0,90.15,89.33,31,36,4,4,88.57,88.57,16,6.12,43.05,97.93
lower-rw-rand,1,8,12,0,90.15,84.00,26,37,3,9,74.29,89.66,17,6.11,43.05,103.85
lower-rw-rand,1,8,12,0,89.23,81.33,24,37,3,11,68.57,88.89,18,6.09,43.05,109.67
lower-rw-rand,1,8,12,0,90.15,85.33,27,37,3,8,77.14,90.00,19,6.07,43.05,115.34
lower-rw-rand,1,8,12,0,90.46,85.33,27,37,3,8,77.14,90.00,20,6.05,43.05,121.10
lower-rw-rand,1,8,12,0,90.46,86.67,28,37,3,7,80.00,90.32,21,6.06,43.05,127.23
lower-rw-rand,1,8,12,0,88.00,81.33,26,35,5,9,74.29,83.87,22,6.05,43.05,133.15
lower-rw-rand,1,8,12,0,89.54,81.33,26,35,5,9,74.29,83.87,23,6.04,43.05,138.91
lower-rw-rand,1,8,12,0,92.00,92.00,33,36,4,2,94.29,89.19,24,6.03,43.05,144.69
lower-rw-rand,1,8,12,0,82.77,84.00,35,28,12,0,100.00,74.47,25,6.03,43.05,150.71
lower-rw-rand,1,8,12,0,87.69,92.00,34,35,5,1,97.14,87.18,26,6.03,43.05,156.73
lower-rw-rand,1,8,12,0,90.46,92.00,34,35,5,1,97.14,87.18,27,6.00,43.05,162.07
lower-rw-rand,1,8,12,0,92.00,92.00,34,35,5,1,97.14,87.18,28,5.99,43.05,167.68
lower-rw-rand,1,8,12,0,92.31,92.00,34,35,5,1,97.14,87.18,29,5.99,43.05,173.83
ANSed-rw-rand,1,8,12,0,51.08,53.33,0,40,0,35,0.00,0.00,1,5.09,5.09,5.09
ANSed-rw-rand,1,8,12,0,51.08,53.33,0,40,0,35,0.00,0.00,2,4.92,9.85,9.85
ANSed-rw-rand,1,8,12,0,66.46,58.67,5,39,1,30,14.29,83.33,3,4.86,14.58,14.58
ANSed-rw-rand,1,8,12,0,79.08,74.67,27,29,11,8,77.14,71.05,4,4.93,19.72,19.72
ANSed-rw-rand,1,8,12,0,80.31,73.33,24,31,9,11,68.57,72.73,5,4.90,19.72,24.48
ANSed-rw-rand,1,8,12,0,78.15,84.00,34,29,11,1,97.14,75.56,6,4.84,29.01,29.01
ANSed-rw-rand,1,8,12,0,85.54,88.00,32,34,6,3,91.43,84.21,7,4.82,33.74,33.74
ANSed-rw-rand,1,8,12,0,87.69,88.00,33,33,7,2,94.29,82.50,8,4.80,38.36,38.36
ANSed-rw-rand,1,8,12,0,85.23,86.67,33,32,8,2,94.29,80.49,9,4.79,38.36,43.15
ANSed-rw-rand,1,8,12,0,84.31,82.67,25,37,3,10,71.43,89.29,10,4.77,38.36,47.72
ANSed-rw-rand,1,8,12,0,86.46,85.33,27,37,3,8,77.14,90.00,11,4.76,38.36,52.36
ANSed-rw-rand,1,8,12,0,87.38,85.33,27,37,3,8,77.14,90.00,12,4.75,38.36,57.05
ANSed-rw-rand,1,8,12,0,89.54,84.00,27,36,4,8,77.14,87.10,13,4.77,38.36,61.98
ANSed-rw-rand,1,8,12,0,89.85,84.00,27,36,4,8,77.14,87.10,14,4.74,38.36,66.32
ANSed-rw-rand,1,8,12,0,91.69,90.67,33,35,5,2,94.29,86.84,15,4.73,70.92,70.92
ANSed-rw-rand,1,8,12,0,92.00,90.67,33,35,5,2,94.29,86.84,16,4.72,75.48,75.48
ANSed-rw-rand,1,8,12,0,92.62,90.67,33,35,5,2,94.29,86.84,17,4.73,80.33,80.33
ANSed-rw-rand,1,8,12,0,93.23,89.33,33,34,6,2,94.29,84.62,18,4.71,80.33,84.78
ANSed-rw-rand,1,8,12,0,92.00,84.00,28,35,5,7,80.00,84.85,19,4.71,80.33,89.44
ANSed-rw-rand,1,8,12,0,92.62,88.00,33,33,7,2,94.29,82.50,20,4.71,80.33,94.17
ANSed-rw-rand,1,8,12,0,92.92,88.00,33,33,7,2,94.29,82.50,21,4.72,80.33,99.11
ANSed-rw-rand,1,8,12,0,93.54,88.00,33,33,7,2,94.29,82.50,22,4.73,80.33,104.04
ANSed-rw-rand,1,8,12,0,93.54,88.00,33,33,7,2,94.29,82.50,23,4.75,80.33,109.20
ANSed-rw-rand,1,8,12,0,93.54,88.00,33,33,7,2,94.29,82.50,24,4.76,80.33,114.33
ANSed-rw-rand,1,8,12,0,93.54,88.00,33,33,7,2,94.29,82.50,25,4.77,80.33,119.18
ANSed-rw-rand,1,8,12,0,93.85,88.00,33,33,7,2,94.29,82.50,26,4.76,80.33,123.73
ANSed-rw-rand,1,8,12,0,93.85,88.00,33,33,7,2,94.29,82.50,27,4.76,80.33,128.58
ANSed-rw-rand,1,8,12,0,94.15,88.00,33,33,7,2,94.29,82.50,28,4.77,80.33,133.67
ANSed-rw-rand,1,8,12,0,94.15,88.00,33,33,7,2,94.29,82.50,29,4.79,80.33,138.83
ANSed-rw-rand,1,8,12,0,94.15,88.00,33,33,7,2,94.29,82.50,30,4.79,80.33,143.68
ANSed-rw-rand,1,8,12,0,93.85,88.00,33,33,7,2,94.29,82.50,31,4.80,80.33,148.65
ANSed-rw-rand,1,8,12,0,90.15,89.33,33,34,6,2,94.29,84.62,32,4.78,80.33,153.05
ANSed-rw-rand,1,8,12,0,91.08,89.33,34,33,7,1,97.14,82.93,33,4.77,80.33,157.48
ANSed-rw-rand,1,8,12,0,94.46,90.67,34,34,6,1,97.14,85.00,34,4.78,162.51,162.51
ANSed-rw-rand,1,8,12,0,93.54,85.33,29,35,5,6,82.86,85.29,35,4.78,162.51,167.29
ANSed-rw-rand,1,8,12,0,94.46,90.67,34,34,6,1,97.14,85.00,36,4.78,172.25,172.25
ANSed-rw-rand,1,8,12,0,94.77,90.67,34,34,6,1,97.14,85.00,37,4.79,177.07,177.07
ANSed-rw-rand,1,8,12,0,93.23,80.00,25,35,5,10,71.43,83.33,38,4.78,177.07,181.71
ANSed-rw-rand,1,8,12,0,94.46,89.33,33,34,6,2,94.29,84.62,39,4.78,177.07,186.61
ANSed-rw-rand,1,8,12,0,93.54,86.67,32,33,7,3,91.43,82.05,40,4.78,177.07,191.19
ANSed-rw-rand,1,8,12,0,94.46,84.00,30,33,7,5,85.71,81.08,41,4.78,177.07,196.17
ANSed-rw-rand,1,8,12,0,94.77,84.00,30,33,7,5,85.71,81.08,42,4.79,177.07,201.24
ANSed-rw-rand,1,8,12,0,95.08,88.00,33,33,7,2,94.29,82.50,43,4.79,177.07,205.97
ANSed-rw-rand,1,8,12,0,95.69,89.33,33,34,6,2,94.29,84.62,44,4.79,177.07,210.91
ANSed-rw-rand,1,8,12,0,95.69,89.33,33,34,6,2,94.29,84.62,45,4.80,177.07,215.79
ANSed-rw-rand,1,8,12,0,95.69,89.33,33,34,6,2,94.29,84.62,46,4.79,177.07,220.57
ANSed-rw-rand,1,8,12,0,95.69,89.33,33,34,6,2,94.29,84.62,47,4.80,177.07,225.42
ANSed-rw-rand,1,8,12,0,96.00,89.33,33,34,6,2,94.29,84.62,48,4.79,177.07,230.13
ANSed-rw-rand,1,8,12,0,96.31,89.33,33,34,6,2,94.29,84.62,49,4.80,177.07,235.34
ANSed-rw-rand,1,8,12,0,96.31,89.33,33,34,6,2,94.29,84.62,50,4.81,177.07,240.27
ANSed-rw-rand,1,8,12,0,96.00,89.33,33,34,6,2,94.29,84.62,51,4.82,177.07,245.61
ANSed-rw-rand,1,8,12,0,94.77,89.33,33,34,6,2,94.29,84.62,52,4.82,177.07,250.71
ANSed-rw-rand,1,8,12,0,95.38,85.33,30,34,6,5,85.71,83.33,53,4.83,177.07,255.91
ANSed-rw-rand,1,8,12,0,96.31,85.33,30,34,6,5,85.71,83.33,54,4.83,177.07,260.71
ANSed-rw-rand,1,8,12,0,90.77,85.33,30,34,6,5,85.71,83.33,55,4.82,177.07,265.19
ANSed-rw-rand,1,8,12,0,96.00,89.33,33,34,6,2,94.29,84.62,56,4.82,177.07,269.80
ANSed-rw-rand,1,8,12,0,96.62,89.33,33,34,6,2,94.29,84.62,57,4.82,177.07,274.79
ANSed-rw-rand,1,8,12,0,96.62,88.00,32,34,6,3,91.43,84.21,58,4.82,177.07,279.35
ANSed-rw-rand,1,8,12,0,97.23,86.67,31,34,6,4,88.57,83.78,59,4.81,177.07,283.84
ANSed-rw-rand,1,8,12,0,97.23,88.00,32,34,6,3,91.43,84.21,60,4.81,177.07,288.47
ANSed-rw-rand,1,8,12,0,97.54,88.00,32,34,6,3,91.43,84.21,61,4.80,177.07,292.78
ANSed-rw-rand,1,8,12,0,97.85,88.00,32,34,6,3,91.43,84.21,62,4.80,177.07,297.64
ANSed-rw-rand,1,8,12,0,97.23,88.00,31,35,5,4,88.57,86.11,63,4.80,177.07,302.50
ANSed-rw-rand,1,8,12,0,97.54,88.00,32,34,6,3,91.43,84.21,64,4.80,177.07,306.92
ANSed-rw-rand,1,8,12,0,96.31,89.33,32,35,5,3,91.43,86.49,65,4.79,177.07,311.50
ANSed-rw-rand,1,8,12,0,90.46,84.00,29,34,6,6,82.86,82.86,66,4.79,177.07,316.28
ANSed-rw-rand,1,8,12,0,89.85,77.33,22,36,4,13,62.86,84.62,67,4.79,177.07,321.24
ANSed-rw-rand,1,8,12,0,94.46,89.33,33,34,6,2,94.29,84.62,68,4.80,177.07,326.16
ANSed-rw-rand,1,8,12,0,95.69,89.33,32,35,5,3,91.43,86.49,69,4.79,177.07,330.82
ANSed-rw-rand,1,8,12,0,92.62,84.00,27,36,4,8,77.14,87.10,70,4.79,177.07,335.58
lower-rw-rand,2,8,12,0,48.92,46.67,35,0,40,0,100.00,46.67,1,6.24,6.24,6.24
lower-rw-rand,2,8,12,0,51.08,53.33,0,40,0,35,0.00,0.00,2,6.48,12.97,12.97
lower-rw-rand,2,8,12,0,66.77,66.67,11,39,1,24,31.43,91.67,3,6.34,19.01,19.01
lower-rw-rand,2,8,12,0,63.38,66.67,10,40,0,25,28.57,100.00,4,6.25,24.99,24.99
lower-rw-rand,2,8,12,0,84.31,90.67,31,37,3,4,88.57,91.18,5,6.20,31.02,31.02
lower-rw-rand,2,8,12,0,80.00,84.00,28,35,5,7,80.00,84.85,6,6.14,31.02,36.85
lower-rw-rand,2,8,12,0,86.46,89.33,32,35,5,3,91.43,86.49,7,6.12,31.02,42.85
lower-rw-rand,2,8,12,0,88.92,81.33,30,31,9,5,85.71,76.92,8,6.12,31.02,48.92
lower-rw-rand,2,8,12,0,89.23,81.33,30,31,9,5,85.71,76.92,9,6.08,31.02,54.70
lower-rw-rand,2,8,12,0,89.85,81.33,30,31,9,5,85.71,76.92,10,6.08,31.02,60.79
lower-rw-rand,2,8,12,0,89.54,80.00,29,31,9,6,82.86,76.32,11,6.06,31.02,66.71
lower-rw-rand,2,8,12,0,89.54,80.00,30,30,10,5,85.71,75.00,12,6.04,31.02,72.52
lower-rw-rand,2,8,12,0,90.15,80.00,30,30,10,5,85.71,75.00,13,6.06,31.02,78.75
lower-rw-rand,2,8,12,0,89.23,80.00,29,31,9,6,82.86,76.32,14,6.02,31.02,84.28
lower-rw-rand,2,8,12,0,90.15,80.00,30,30,10,5,85.71,75.00,15,6.02,31.02,90.31
lower-rw-rand,2,8,12,0,90.77,80.00,30,30,10,5,85.71,75.00,16,6.00,31.02,96.03
lower-rw-rand,2,8,12,0,90.77,80.00,30,30,10,5,85.71,75.00,17,5.99,31.02,101.89
lower-rw-rand,2,8,12,0,90.77,80.00,30,30,10,5,85.71,75.00,18,5.98,31.02,107.62
lower-rw-rand,2,8,12,0,90.46,78.67,29,30,10,6,82.86,74.36,19,5.95,31.02,113.13
lower-rw-rand,2,8,12,0,90.46,81.33,30,31,9,5,85.71,76.92,20,5.93,31.02,118.62
lower-rw-rand,2,8,12,0,88.92,80.00,28,32,8,7,80.00,77.78,21,5.93,31.02,124.63
lower-rw-rand,2,8,12,0,90.46,81.33,29,32,8,6,82.86,78.38,22,5.93,31.02,130.54
lower-rw-rand,2,8,12,0,90.46,82.67,30,32,8,5,85.71,78.95,23,5.93,31.02,136.32
lower-rw-rand,2,8,12,0,91.38,84.00,30,33,7,5,85.71,81.08,24,5.92,31.02,142.12
lower-rw-rand,2,8,12,0,92.00,85.33,31,33,7,4,88.57,81.58,25,5.94,31.02,148.50
lower-rw-rand,2,8,12,0,86.77,78.67,34,25,15,1,97.14,69.39,26,5.97,31.02,155.33
lower-rw-rand,2,8,12,0,85.23,89.33,30,37,3,5,85.71,90.91,27,5.97,31.02,161.17
lower-rw-rand,2,8,12,0,89.85,89.33,32,35,5,3,91.43,86.49,28,5.96,31.02,166.92