seed,alg,strat,split,tprate,fprate,precision,recall,fscore,acc,time
1234,NaiveBayes,pw,1,0.40,0.14,75.00,39.50,0.52,62.67,0.21
1234,NaiveBayes,pw,2,0.83,0.23,79.20,82.60,0.81,80.00,0.20
1234,NaiveBayes,pw,3,0.61,0.72,26.90,60.90,0.37,38.16,0.20
1234,NaiveBayes,pw,4,0.33,0.13,62.50,33.30,0.44,65.79,0.20
1234,NaiveBayes,pw,5,0.58,0.22,87.90,58.00,0.70,63.24,0.20
1234,Logistic,pw,1,0.29,0.19,61.10,28.90,0.39,54.67,0.28
1234,Logistic,pw,2,0.87,0.30,75.50,87.00,0.81,78.89,0.28
1234,Logistic,pw,3,0.96,0.43,48.90,95.70,0.65,68.42,0.32
1234,Logistic,pw,4,0.30,0.11,64.30,30.00,0.41,65.79,0.27
1234,Logistic,pw,5,0.56,0.33,82.40,56.00,0.67,58.82,0.29
1234,MultilayerPerceptron,pw,1,0.34,0.05,86.70,34.20,0.49,64.00,4.82
1234,MultilayerPerceptron,pw,2,0.83,0.18,82.60,82.60,0.83,82.22,5.13
1234,MultilayerPerceptron,pw,3,0.91,0.45,46.70,91.30,0.62,65.79,4.73
1234,MultilayerPerceptron,pw,4,0.53,0.09,80.00,53.30,0.64,76.32,4.81
1234,MultilayerPerceptron,pw,5,0.56,0.22,87.50,56.00,0.68,61.76,5.48
1234,SMO,pw,1,0.24,0.27,47.40,23.70,0.32,48.00,0.31
1234,SMO,pw,2,0.83,0.23,79.20,82.60,0.81,80.00,0.26
1234,SMO,pw,3,1.00,0.72,37.70,100.00,0.55,50.00,0.26
1234,SMO,pw,4,0.50,0.11,75.00,50.00,0.60,73.68,0.29
1234,SMO,pw,5,0.58,0.22,87.90,58.00,0.70,63.24,0.28
1234,KStar,pw,1,0.42,0.27,61.50,42.10,0.50,57.33,0.20
1234,KStar,pw,2,0.80,0.21,80.40,80.40,0.80,80.00,0.20
1234,KStar,pw,3,0.87,0.19,66.70,87.00,0.76,82.89,0.20
1234,KStar,pw,4,0.17,0.15,41.70,16.70,0.24,57.89,0.20
1234,KStar,pw,5,0.66,0.28,86.80,66.00,0.75,67.65,0.20
1234,OneR,pw,1,0.16,0.05,75.00,15.80,0.26,54.67,0.19
1234,OneR,pw,2,0.83,0.00,100.00,82.60,0.91,91.11,0.19
1234,OneR,pw,3,0.48,0.04,84.60,47.80,0.61,81.58,0.19
1234,OneR,pw,4,0.07,0.00,100.00,6.70,0.13,63.16,0.20
1234,OneR,pw,5,0.58,0.111,93.50,58.00,0.716,66.18,0.19
1234,ZeroR,pw,1,0.00,0,0.00,0.00,0,49.33,0.20
1234,ZeroR,pw,2,0.00,0.00,0.00,0.00,0,48.89,0.19
1234,ZeroR,pw,3,1.00,1.00,30.30,100.00,0.465,30.26,0.19
1234,ZeroR,pw,4,1.00,1,39.50,100.00,0.566,39.47,0.19
1234,ZeroR,pw,5,0.00,0.00,0.00,0.00,0,26.47,0.20
1234,J48,pw,1,0.29,0.08,78.60,28.90,0.42,60.00,0.22
1234,J48,pw,2,0.89,0.21,82.00,89.10,0.85,84.44,0.22
1234,J48,pw,3,0.87,0.42,47.60,87.00,0.62,67.11,0.23
1234,J48,pw,4,0.17,0.26,29.40,16.70,0.21,51.32,0.22
1234,J48,pw,5,0.64,0.56,76.20,64.00,0.70,58.82,0.22
1234,RandomForest,pw,1,0.34,0.16,68.40,34.20,0.46,58.67,0.38
1234,RandomForest,pw,2,0.83,0.43,66.70,82.60,0.74,70.00,0.39
1234,RandomForest,pw,3,0.96,0.36,53.70,95.70,0.69,73.68,0.39
1234,RandomForest,pw,4,0.23,0.11,58.30,23.30,0.33,63.16,0.39
1234,RandomForest,pw,5,0.56,0.39,80.00,56.00,0.66,57.35,0.39
1234,NaiveBayes,rand,1,0.55,0.14,77.80,55.30,0.65,71.25,0.20
1234,NaiveBayes,rand,2,0.76,0.32,65.90,76.30,0.71,71.76,0.20
1234,NaiveBayes,rand,3,0.49,0.19,67.90,48.70,0.57,66.28,0.20
1234,NaiveBayes,rand,4,0.66,0.34,61.00,65.80,0.63,65.88,0.20
1234,NaiveBayes,rand,5,0.63,0.09,84.60,62.90,0.72,78.48,0.21
1234,Logistic,rand,1,0.50,0.14,76.00,50.00,0.60,68.75,0.31
1234,Logistic,rand,2,0.76,0.28,69.00,76.30,0.73,74.12,0.32
1234,Logistic,rand,3,0.59,0.21,69.70,59.00,0.64,69.77,0.31
1234,Logistic,rand,4,0.63,0.30,63.20,63.20,0.63,67.06,0.31
1234,Logistic,rand,5,0.80,0.11,84.80,80.00,0.82,84.81,0.33
1234,MultilayerPerceptron,rand,1,0.61,0.10,85.20,60.50,0.71,76.25,5.43
1234,MultilayerPerceptron,rand,2,0.76,0.28,69.00,76.30,0.73,74.12,5.28
1234,MultilayerPerceptron,rand,3,0.64,0.17,75.80,64.10,0.69,74.42,4.91
1234,MultilayerPerceptron,rand,4,0.68,0.04,92.90,68.40,0.79,83.53,4.61
1234,MultilayerPerceptron,rand,5,0.80,0.21,75.70,80.00,0.78,79.75,4.96
1234,SMO,rand,1,0.50,0.10,82.60,50.00,0.62,71.25,0.32
1234,SMO,rand,2,0.74,0.23,71.80,73.70,0.73,75.29,0.29
1234,SMO,rand,3,0.62,0.19,72.70,61.50,0.67,72.09,0.30
1234,SMO,rand,4,0.71,0.15,79.40,71.10,0.75,78.82,0.28
1234,SMO,rand,5,0.63,0.14,78.60,62.90,0.70,75.95,0.28
1234,KStar,rand,1,0.79,0.05,93.80,78.90,0.86,87.50,0.20
1234,KStar,rand,2,0.87,0.21,76.70,86.80,0.82,82.35,0.21
1234,KStar,rand,3,0.74,0.19,76.30,74.40,0.75,77.91,0.20
1234,KStar,rand,4,0.90,0.15,82.90,89.50,0.86,87.06,0.20
1234,KStar,rand,5,0.83,0.14,82.90,82.90,0.83,84.81,0.21
1234,OneR,rand,1,0.42,0.05,88.90,42.10,0.57,70.00,0.20
1234,OneR,rand,2,0.53,0.04,90.90,52.60,0.67,76.47,0.20
1234,OneR,rand,3,0.62,0.02,96.00,61.50,0.75,81.40,0.20
1234,OneR,rand,4,0.58,0.04,91.70,57.90,0.71,78.82,0.20
1234,OneR,rand,5,0.46,0.091,80.00,45.70,0.582,70.89,0.20
1234,ZeroR,rand,1,0.00,0,0.00,0.00,0,52.50,0.19
1234,ZeroR,rand,2,0.00,0,0.00,0.00,0,55.29,0.19
1234,ZeroR,rand,3,0.00,0,0.00,0.00,0,54.65,0.19
1234,ZeroR,rand,4,0.00,0,0.00,0.00,0,55.29,0.19
1234,ZeroR,rand,5,0.00,0.00,0.00,0.00,0,55.70,0.19
1234,J48,rand,1,0.66,0.12,83.30,65.80,0.74,77.50,0.22
1234,J48,rand,2,0.84,0.34,66.70,84.20,0.74,74.12,0.22
1234,J48,rand,3,0.74,0.13,82.90,74.40,0.78,81.40,0.22
1234,J48,rand,4,0.74,0.30,66.70,73.70,0.70,71.76,0.22
1234,J48,rand,5,0.83,0.18,78.40,82.90,0.81,82.28,0.22
1234,RandomForest,rand,1,0.84,0.07,91.40,84.20,0.88,88.75,0.39
1234,RandomForest,rand,2,0.76,0.21,74.40,76.30,0.75,77.65,0.39
1234,RandomForest,rand,3,0.77,0.19,76.90,76.90,0.77,79.07,0.39
1234,RandomForest,rand,4,0.76,0.21,74.40,76.30,0.75,77.65,0.39
1234,RandomForest,rand,5,0.89,0.14,83.80,88.60,0.86,87.34,0.39
9876,NaiveBayes,pw,1,0.40,0.14,75.00,39.50,0.52,62.67,0.21
9876,NaiveBayes,pw,2,0.83,0.23,79.20,82.60,0.81,80.00,0.20
9876,NaiveBayes,pw,3,0.61,0.72,26.90,60.90,0.37,38.16,0.20
9876,NaiveBayes,pw,4,0.33,0.13,62.50,33.30,0.44,65.79,0.20
9876,NaiveBayes,pw,5,0.58,0.22,87.90,58.00,0.70,63.24,0.20
9876,Logistic,pw,1,0.29,0.19,61.10,28.90,0.39,54.67,0.28
9876,Logistic,pw,2,0.87,0.30,75.50,87.00,0.81,78.89,0.28
9876,Logistic,pw,3,0.96,0.43,48.90,95.70,0.65,68.42,0.30
9876,Logistic,pw,4,0.30,0.11,64.30,30.00,0.41,65.79,0.27
9876,Logistic,pw,5,0.56,0.33,82.40,56.00,0.67,58.82,0.30
9876,MultilayerPerceptron,pw,1,0.34,0.22,61.90,34.20,0.44,56.00,4.74
9876,MultilayerPerceptron,pw,2,0.83,0.30,74.50,82.60,0.78,76.67,4.52
9876,MultilayerPerceptron,pw,3,0.91,0.38,51.20,91.30,0.66,71.05,4.73
9876,MultilayerPerceptron,pw,4,0.43,0.13,68.40,43.30,0.53,69.74,4.97
9876,MultilayerPerceptron,pw,5,0.56,0.22,87.50,56.00,0.68,61.76,5.14
9876,SMO,pw,1,0.24,0.27,47.40,23.70,0.32,48.00,0.31
9876,SMO,pw,2,0.83,0.23,79.20,82.60,0.81,80.00,0.27
9876,SMO,pw,3,1.00,0.72,37.70,100.00,0.55,50.00,0.26
9876,SMO,pw,4,0.50,0.11,75.00,50.00,0.60,73.68,0.29
9876,SMO,pw,5,0.58,0.22,87.90,58.00,0.70,63.24,0.28
9876,KStar,pw,1,0.42,0.27,61.50,42.10,0.50,57.33,0.20
9876,KStar,pw,2,0.80,0.21,80.40,80.40,0.80,80.00,0.20
9876,KStar,pw,3,0.87,0.19,66.70,87.00,0.76,82.89,0.20
9876,KStar,pw,4,0.17,0.15,41.70,16.70,0.24,57.89,0.20
9876,KStar,pw,5,0.66,0.28,86.80,66.00,0.75,67.65,0.20
9876,OneR,pw,1,0.16,0.05,75.00,15.80,0.26,54.67,0.19
9876,OneR,pw,2,0.83,0.00,100.00,82.60,0.91,91.11,0.21
9876,OneR,pw,3,0.48,0.04,84.60,47.80,0.61,81.58,0.20
9876,OneR,pw,4,0.07,0.00,100.00,6.70,0.13,63.16,0.20
9876,OneR,pw,5,0.58,0.11,93.50,58.00,0.72,66.18,0.20
9876,ZeroR,pw,1,0.00,0.00,0.00,0.00,0,49.33,0.19
9876,ZeroR,pw,2,0.00,0.00,0.00,0.00,0,48.89,0.20
9876,ZeroR,pw,3,1.00,1.00,30.30,100.00,0.47,30.26,0.20
9876,ZeroR,pw,4,1.00,1.00,39.50,100.00,0.57,39.47,0.20
9876,ZeroR,pw,5,0.00,0.00,0.00,0.00,0,26.47,0.20
9876,J48,pw,1,0.29,0.08,78.60,28.90,0.42,60.00,0.23
9876,J48,pw,2,0.89,0.21,82.00,89.10,0.85,84.44,0.22
9876,J48,pw,3,0.87,0.42,47.60,87.00,0.62,67.11,0.23
9876,J48,pw,4,0.17,0.26,29.40,16.70,0.21,51.32,0.23
9876,J48,pw,5,0.64,0.56,76.20,64.00,0.70,58.82,0.22
9876,RandomForest,pw,1,0.40,0.08,83.30,39.50,0.54,65.33,0.39
9876,RandomForest,pw,2,0.83,0.50,63.30,82.60,0.72,66.67,0.40
9876,RandomForest,pw,3,0.96,0.30,57.90,95.70,0.72,77.63,0.41
9876,RandomForest,pw,4,0.23,0.11,58.30,23.30,0.33,63.16,0.41
9876,RandomForest,pw,5,0.60,0.33,83.30,60.00,0.70,61.76,0.39
9876,NaiveBayes,rand,1,0.55,0.14,77.80,55.30,0.65,71.25,0.21
9876,NaiveBayes,rand,2,0.76,0.32,65.90,76.30,0.71,71.76,0.21
9876,NaiveBayes,rand,3,0.49,0.19,67.90,48.70,0.57,66.28,0.21
9876,NaiveBayes,rand,4,0.66,0.34,61.00,65.80,0.63,65.88,0.20
9876,NaiveBayes,rand,5,0.63,0.09,84.60,62.90,0.72,78.48,0.21
9876,Logistic,rand,1,0.50,0.14,76.00,50.00,0.60,68.75,0.31
9876,Logistic,rand,2,0.76,0.28,69.00,76.30,0.73,74.12,0.33
9876,Logistic,rand,3,0.59,0.21,69.70,59.00,0.64,69.77,0.32
9876,Logistic,rand,4,0.63,0.30,63.20,63.20,0.63,67.06,0.31
9876,Logistic,rand,5,0.80,0.11,84.80,80.00,0.82,84.81,0.34
9876,MultilayerPerceptron,rand,1,0.63,0.05,92.30,63.20,0.75,80.00,5.48
9876,MultilayerPerceptron,rand,2,0.84,0.36,65.30,84.20,0.74,72.94,4.68
9876,MultilayerPerceptron,rand,3,0.64,0.17,75.80,64.10,0.69,74.42,4.64
9876,MultilayerPerceptron,rand,4,0.63,0.23,68.60,63.20,0.66,70.59,4.90
9876,MultilayerPerceptron,rand,5,0.80,0.27,70.00,80.00,0.75,75.95,5.02
9876,SMO,rand,1,0.50,0.10,82.60,50.00,0.62,71.25,0.33
9876,SMO,rand,2,0.74,0.23,71.80,73.70,0.73,75.29,0.30
9876,SMO,rand,3,0.62,0.19,72.70,61.50,0.67,72.09,0.30
9876,SMO,rand,4,0.71,0.15,79.40,71.10,0.75,78.82,0.28
9876,SMO,rand,5,0.63,0.14,78.60,62.90,0.70,75.95,0.28
9876,KStar,rand,1,0.79,0.05,93.80,78.90,0.86,87.50,0.21
9876,KStar,rand,2,0.87,0.21,76.70,86.80,0.82,82.35,0.21
9876,KStar,rand,3,0.74,0.19,76.30,74.40,0.75,77.91,0.21
9876,KStar,rand,4,0.90,0.15,82.90,89.50,0.86,87.06,0.21
9876,KStar,rand,5,0.83,0.14,82.90,82.90,0.83,84.81,0.21
9876,OneR,rand,1,0.42,0.05,88.90,42.10,0.57,70.00,0.20
9876,OneR,rand,2,0.53,0.04,90.90,52.60,0.67,76.47,0.20
9876,OneR,rand,3,0.62,0.02,96.00,61.50,0.75,81.40,0.20
9876,OneR,rand,4,0.58,0.04,91.70,57.90,0.71,78.82,0.20
9876,OneR,rand,5,0.46,0.09,80.00,45.70,0.58,70.89,0.20
9876,ZeroR,rand,1,0.00,0.00,0.00,0.00,0,52.50,0.19
9876,ZeroR,rand,2,0.00,0.00,0.00,0.00,0,55.29,0.20
9876,ZeroR,rand,3,0.00,0.00,0.00,0.00,0,54.65,0.19
9876,ZeroR,rand,4,0.00,0.00,0.00,0.00,0,55.29,0.20
9876,ZeroR,rand,5,0.00,0.00,0.00,0.00,0,55.70,0.19
9876,J48,rand,1,0.66,0.12,83.30,65.80,0.74,77.50,0.23
9876,J48,rand,2,0.84,0.34,66.70,84.20,0.74,74.12,0.23
9876,J48,rand,3,0.74,0.13,82.90,74.40,0.78,81.40,0.23
9876,J48,rand,4,0.74,0.30,66.70,73.70,0.70,71.76,0.22
9876,J48,rand,5,0.83,0.18,78.40,82.90,0.81,82.28,0.23
9876,RandomForest,rand,1,0.74,0.12,84.80,73.70,0.79,81.25,0.39
9876,RandomForest,rand,2,0.74,0.28,68.30,73.70,0.71,72.94,0.40
9876,RandomForest,rand,3,0.74,0.19,76.30,74.40,0.75,77.91,0.39
9876,RandomForest,rand,4,0.76,0.21,74.40,76.30,0.75,77.65,0.39
9876,RandomForest,rand,5,0.86,0.11,85.70,85.70,0.86,87.34,0.39
3252,NaiveBayes,pw,1,0.40,0.14,75.00,39.50,0.52,62.67,0.20
3252,NaiveBayes,pw,2,0.83,0.23,79.20,82.60,0.81,80.00,0.20
3252,NaiveBayes,pw,3,0.61,0.72,26.90,60.90,0.37,38.16,0.20
3252,NaiveBayes,pw,4,0.33,0.13,62.50,33.30,0.44,65.79,0.20
3252,NaiveBayes,pw,5,0.58,0.22,87.90,58.00,0.70,63.24,0.20
3252,Logistic,pw,1,0.29,0.19,61.10,28.90,0.39,54.67,0.29
3252,Logistic,pw,2,0.87,0.30,75.50,87.00,0.81,78.89,0.29
3252,Logistic,pw,3,0.96,0.43,48.90,95.70,0.65,68.42,0.32
3252,Logistic,pw,4,0.30,0.11,64.30,30.00,0.41,65.79,0.28
3252,Logistic,pw,5,0.56,0.33,82.40,56.00,0.67,58.82,0.31
3252,MultilayerPerceptron,pw,1,0.42,0.41,51.60,42.10,0.46,50.67,4.82
3252,MultilayerPerceptron,pw,2,0.83,0.32,73.10,82.60,0.78,75.56,4.66
3252,MultilayerPerceptron,pw,3,0.91,0.34,53.80,91.30,0.68,73.68,4.90
3252,MultilayerPerceptron,pw,4,0.67,0.15,74.10,66.70,0.70,77.63,4.81
3252,MultilayerPerceptron,pw,5,0.56,0.28,84.80,56.00,0.68,60.29,5.53
3252,SMO,pw,1,0.24,0.27,47.40,23.70,0.32,48.00,0.30
3252,SMO,pw,2,0.83,0.23,79.20,82.60,0.81,80.00,0.34
3252,SMO,pw,3,1.00,0.72,37.70,100.00,0.55,50.00,0.38
3252,SMO,pw,4,0.50,0.11,75.00,50.00,0.60,73.68,0.31
3252,SMO,pw,5,0.58,0.22,87.90,58.00,0.70,63.24,0.28
3252,KStar,pw,1,0.42,0.27,61.50,42.10,0.50,57.33,0.20
3252,KStar,pw,2,0.80,0.21,80.40,80.40,0.80,80.00,0.20
3252,KStar,pw,3,0.87,0.19,66.70,87.00,0.76,82.89,0.20
3252,KStar,pw,4,0.17,0.15,41.70,16.70,0.24,57.89,0.20
3252,KStar,pw,5,0.66,0.28,86.80,66.00,0.75,67.65,0.20
3252,OneR,pw,1,0.16,0.05,75.00,15.80,0.26,54.67,0.19
3252,OneR,pw,2,0.83,0.00,100.00,82.60,0.91,91.11,0.19
3252,OneR,pw,3,0.48,0.04,84.60,47.80,0.61,81.58,0.20
3252,OneR,pw,4,0.07,0.00,100.00,6.70,0.13,63.16,0.20
3252,OneR,pw,5,0.58,0.11,93.50,58.00,0.72,66.18,0.20
3252,ZeroR,pw,1,0.00,0.00,0.00,0.00,0,49.33,0.20
3252,ZeroR,pw,2,0.00,0.00,0.00,0.00,0,48.89,0.19
3252,ZeroR,pw,3,1.00,1.00,30.30,100.00,0.47,30.26,0.19
3252,ZeroR,pw,4,1.00,1.00,39.50,100.00,0.57,39.47,0.19
3252,ZeroR,pw,5,0.00,0.00,0.00,0.00,0,26.47,0.19
3252,J48,pw,1,0.29,0.08,78.60,28.90,0.42,60.00,0.23
3252,J48,pw,2,0.89,0.21,82.00,89.10,0.85,84.44,0.22
3252,J48,pw,3,0.87,0.42,47.60,87.00,0.62,67.11,0.23
3252,J48,pw,4,0.17,0.26,29.40,16.70,0.21,51.32,0.23
3252,J48,pw,5,0.64,0.56,76.20,64.00,0.70,58.82,0.22
3252,RandomForest,pw,1,0.40,0.11,78.90,39.50,0.53,64.00,0.40
3252,RandomForest,pw,2,0.83,0.57,60.30,82.60,0.70,63.33,0.40
3252,RandomForest,pw,3,0.96,0.28,59.50,95.70,0.73,78.95,0.41
3252,RandomForest,pw,4,0.30,0.11,64.30,30.00,0.41,65.79,0.41
3252,RandomForest,pw,5,0.60,0.33,83.30,60.00,0.70,61.76,0.40
3252,NaiveBayes,rand,1,0.55,0.14,77.80,55.30,0.65,71.25,0.21
3252,NaiveBayes,rand,2,0.76,0.32,65.90,76.30,0.71,71.76,0.21
3252,NaiveBayes,rand,3,0.49,0.19,67.90,48.70,0.57,66.28,0.21
3252,NaiveBayes,rand,4,0.66,0.34,61.00,65.80,0.63,65.88,0.21
3252,NaiveBayes,rand,5,0.63,0.09,84.60,62.90,0.72,78.48,0.21
3252,Logistic,rand,1,0.50,0.14,76.00,50.00,0.60,68.75,0.33
3252,Logistic,rand,2,0.76,0.28,69.00,76.30,0.73,74.12,0.32
3252,Logistic,rand,3,0.59,0.21,69.70,59.00,0.64,69.77,0.31
3252,Logistic,rand,4,0.63,0.30,63.20,63.20,0.63,67.06,0.31
3252,Logistic,rand,5,0.80,0.11,84.80,80.00,0.82,84.81,0.33
3252,MultilayerPerceptron,rand,1,0.63,0.10,85.70,63.20,0.73,77.50,5.11
3252,MultilayerPerceptron,rand,2,0.82,0.30,68.90,81.60,0.75,75.29,4.65
3252,MultilayerPerceptron,rand,3,0.67,0.23,70.30,66.70,0.68,72.09,4.95
3252,MultilayerPerceptron,rand,4,0.63,0.04,92.30,63.20,0.75,81.18,4.62
3252,MultilayerPerceptron,rand,5,0.80,0.23,73.70,80.00,0.77,78.48,4.75
3252,SMO,rand,1,0.50,0.10,82.60,50.00,0.62,71.25,0.32
3252,SMO,rand,2,0.74,0.23,71.80,73.70,0.73,75.29,0.31
3252,SMO,rand,3,0.62,0.19,72.70,61.50,0.67,72.09,0.30
3252,SMO,rand,4,0.71,0.15,79.40,71.10,0.75,78.82,0.28
3252,SMO,rand,5,0.63,0.14,78.60,62.90,0.70,75.95,0.27
3252,KStar,rand,1,0.79,0.05,93.80,78.90,0.86,87.50,0.21
3252,KStar,rand,2,0.87,0.21,76.70,86.80,0.82,82.35,0.20
3252,KStar,rand,3,0.74,0.19,76.30,74.40,0.75,77.91,0.21
3252,KStar,rand,4,0.90,0.15,82.90,89.50,0.86,87.06,0.20
3252,KStar,rand,5,0.83,0.14,82.90,82.90,0.83,84.81,0.20
3252,OneR,rand,1,0.42,0.05,88.90,42.10,0.57,70.00,0.20
3252,OneR,rand,2,0.53,0.04,90.90,52.60,0.67,76.47,0.20
3252,OneR,rand,3,0.62,0.02,96.00,61.50,0.75,81.40,0.20
3252,OneR,rand,4,0.58,0.04,91.70,57.90,0.71,78.82,0.20
3252,OneR,rand,5,0.46,0.09,80.00,45.70,0.58,70.89,0.20
3252,ZeroR,rand,1,0.00,0.00,0.00,0.00,0,52.50,0.19
3252,ZeroR,rand,2,0.00,0.00,0.00,0.00,0,55.29,0.19
3252,ZeroR,rand,3,0.00,0.00,0.00,0.00,0,54.65,0.20
3252,ZeroR,rand,4,0.00,0.00,0.00,0.00,0,55.29,0.20
3252,ZeroR,rand,5,0.00,0.00,0.00,0.00,0,55.70,0.20
3252,J48,rand,1,0.66,0.12,83.30,65.80,0.74,77.50,0.24
3252,J48,rand,2,0.84,0.34,66.70,84.20,0.74,74.12,0.23
3252,J48,rand,3,0.74,0.13,82.90,74.40,0.78,81.40,0.25
3252,J48,rand,4,0.74,0.30,66.70,73.70,0.70,71.76,0.23
3252,J48,rand,5,0.83,0.18,78.40,82.90,0.81,82.28,0.23
3252,RandomForest,rand,1,0.79,0.07,90.90,78.90,0.85,86.25,0.41
3252,RandomForest,rand,2,0.76,0.28,69.00,76.30,0.73,74.12,0.41
3252,RandomForest,rand,3,0.77,0.17,78.90,76.90,0.78,80.23,0.40
3252,RandomForest,rand,4,0.76,0.21,74.40,76.30,0.75,77.65,0.43
3252,RandomForest,rand,5,0.83,0.14,82.90,82.90,0.83,84.81,0.40
5827,NaiveBayes,pw,1,0.40,0.14,75.00,39.50,0.52,62.67,0.20
5827,NaiveBayes,pw,2,0.83,0.23,79.20,82.60,0.81,80.00,0.20
5827,NaiveBayes,pw,3,0.61,0.72,26.90,60.90,0.37,38.16,0.20
5827,NaiveBayes,pw,4,0.33,0.13,62.50,33.30,0.44,65.79,0.20
5827,NaiveBayes,pw,5,0.58,0.22,87.90,58.00,0.70,63.24,0.20
5827,Logistic,pw,1,0.29,0.19,61.10,28.90,0.39,54.67,0.28
5827,Logistic,pw,2,0.87,0.30,75.50,87.00,0.81,78.89,0.29
5827,Logistic,pw,3,0.96,0.43,48.90,95.70,0.65,68.42,0.31
5827,Logistic,pw,4,0.30,0.11,64.30,30.00,0.41,65.79,0.28
5827,Logistic,pw,5,0.56,0.33,82.40,56.00,0.67,58.82,0.29
5827,MultilayerPerceptron,pw,1,0.40,0.27,60.00,39.50,0.48,56.00,4.78
5827,MultilayerPerceptron,pw,2,0.89,0.30,75.90,89.10,0.82,80.00,4.75
5827,MultilayerPerceptron,pw,3,0.96,0.49,45.80,95.70,0.62,64.47,4.79
5827,MultilayerPerceptron,pw,4,0.40,0.07,80.00,40.00,0.53,72.37,4.80
5827,MultilayerPerceptron,pw,5,0.58,0.33,82.90,58.00,0.68,60.29,5.21
5827,SMO,pw,1,0.24,0.27,47.40,23.70,0.32,48.00,0.34
5827,SMO,pw,2,0.83,0.23,79.20,82.60,0.81,80.00,0.30
5827,SMO,pw,3,1.00,0.72,37.70,100.00,0.55,50.00,0.30
5827,SMO,pw,4,0.50,0.11,75.00,50.00,0.60,73.68,0.32
5827,SMO,pw,5,0.58,0.22,87.90,58.00,0.70,63.24,0.31
5827,KStar,pw,1,0.42,0.27,61.50,42.10,0.50,57.33,0.21
5827,KStar,pw,2,0.80,0.21,80.40,80.40,0.80,80.00,0.21
5827,KStar,pw,3,0.87,0.19,66.70,87.00,0.76,82.89,0.21
5827,KStar,pw,4,0.17,0.15,41.70,16.70,0.24,57.89,0.21
5827,KStar,pw,5,0.66,0.28,86.80,66.00,0.75,67.65,0.21
5827,OneR,pw,1,0.16,0.05,75.00,15.80,0.26,54.67,0.20
5827,OneR,pw,2,0.83,0.00,100.00,82.60,0.91,91.11,0.21
5827,OneR,pw,3,0.48,0.04,84.60,47.80,0.61,81.58,0.21
5827,OneR,pw,4,0.07,0.00,100.00,6.70,0.13,63.16,0.21
5827,OneR,pw,5,0.58,0.11,93.50,58.00,0.72,66.18,0.21
5827,ZeroR,pw,1,0.00,0.00,0.00,0.00,0,49.33,0.20
5827,ZeroR,pw,2,0.00,0.00,0.00,0.00,0,48.89,0.20
5827,ZeroR,pw,3,1.00,1.00,30.30,100.00,0.47,30.26,0.20
5827,ZeroR,pw,4,1.00,1.00,39.50,100.00,0.57,39.47,0.20
5827,ZeroR,pw,5,0.00,0.00,0.00,0.00,0,26.47,0.20
5827,J48,pw,1,0.29,0.08,78.60,28.90,0.42,60.00,0.23
5827,J48,pw,2,0.89,0.21,82.00,89.10,0.85,84.44,0.23
5827,J48,pw,3,0.87,0.42,47.60,87.00,0.62,67.11,0.23
5827,J48,pw,4,0.17,0.26,29.40,16.70,0.21,51.32,0.23
5827,J48,pw,5,0.64,0.56,76.20,64.00,0.70,58.82,0.22
5827,RandomForest,pw,1,0.40,0.11,78.90,39.50,0.53,64.00,0.39
5827,RandomForest,pw,2,0.83,0.57,60.30,82.60,0.70,63.33,0.39
5827,RandomForest,pw,3,0.87,0.34,52.60,87.00,0.66,72.37,0.39
5827,RandomForest,pw,4,0.20,0.11,54.50,20.00,0.29,61.84,0.41
5827,RandomForest,pw,5,0.62,0.33,83.80,62.00,0.71,63.24,0.38
5827,NaiveBayes,rand,1,0.55,0.14,77.80,55.30,0.65,71.25,0.20
5827,NaiveBayes,rand,2,0.76,0.32,65.90,76.30,0.71,71.76,0.21
5827,NaiveBayes,rand,3,0.49,0.19,67.90,48.70,0.57,66.28,0.21
5827,NaiveBayes,rand,4,0.66,0.34,61.00,65.80,0.63,65.88,0.21
5827,NaiveBayes,rand,5,0.63,0.09,84.60,62.90,0.72,78.48,0.21
5827,Logistic,rand,1,0.50,0.14,76.00,50.00,0.60,68.75,0.32
5827,Logistic,rand,2,0.76,0.28,69.00,76.30,0.73,74.12,0.32
5827,Logistic,rand,3,0.59,0.21,69.70,59.00,0.64,69.77,0.32
5827,Logistic,rand,4,0.63,0.30,63.20,63.20,0.63,67.06,0.32
5827,Logistic,rand,5,0.80,0.11,84.80,80.00,0.82,84.81,0.36
5827,MultilayerPerceptron,rand,1,0.63,0.10,85.70,63.20,0.73,77.50,4.87
5827,MultilayerPerceptron,rand,2,0.84,0.30,69.60,84.20,0.76,76.47,4.68
5827,MultilayerPerceptron,rand,3,0.69,0.19,75.00,69.20,0.72,75.58,4.44
5827,MultilayerPerceptron,rand,4,0.66,0.13,80.60,65.80,0.73,77.65,4.64
5827,MultilayerPerceptron,rand,5,0.89,0.27,72.10,88.60,0.80,79.75,4.71
5827,SMO,rand,1,0.50,0.10,82.60,50.00,0.62,71.25,0.31
5827,SMO,rand,2,0.74,0.23,71.80,73.70,0.73,75.29,0.29
5827,SMO,rand,3,0.62,0.19,72.70,61.50,0.67,72.09,0.30
5827,SMO,rand,4,0.71,0.15,79.40,71.10,0.75,78.82,0.28
5827,SMO,rand,5,0.63,0.14,78.60,62.90,0.70,75.95,0.27
5827,KStar,rand,1,0.79,0.05,93.80,78.90,0.86,87.50,0.20
5827,KStar,rand,2,0.87,0.21,76.70,86.80,0.82,82.35,0.20
5827,KStar,rand,3,0.74,0.19,76.30,74.40,0.75,77.91,0.20
5827,KStar,rand,4,0.90,0.15,82.90,89.50,0.86,87.06,0.21
5827,KStar,rand,5,0.83,0.14,82.90,82.90,0.83,84.81,0.20
5827,OneR,rand,1,0.42,0.05,88.90,42.10,0.57,70.00,0.19
5827,OneR,rand,2,0.53,0.04,90.90,52.60,0.67,76.47,0.20
5827,OneR,rand,3,0.62,0.02,96.00,61.50,0.75,81.40,0.20
5827,OneR,rand,4,0.58,0.04,91.70,57.90,0.71,78.82,0.20
5827,OneR,rand,5,0.46,0.09,80.00,45.70,0.58,70.89,0.20
5827,ZeroR,rand,1,0.00,0.00,0.00,0.00,0,52.50,0.19
5827,ZeroR,rand,2,0.00,0.00,0.00,0.00,0,55.29,0.19
5827,ZeroR,rand,3,0.00,0.00,0.00,0.00,0,54.65,0.19
5827,ZeroR,rand,4,0.00,0.00,0.00,0.00,0,55.29,0.19
5827,ZeroR,rand,5,0.00,0.00,0.00,0.00,0,55.70,0.19
5827,J48,rand,1,0.66,0.12,83.30,65.80,0.74,77.50,0.22
5827,J48,rand,2,0.84,0.34,66.70,84.20,0.74,74.12,0.22
5827,J48,rand,3,0.74,0.13,82.90,74.40,0.78,81.40,0.23
5827,J48,rand,4,0.74,0.30,66.70,73.70,0.70,71.76,0.22
5827,J48,rand,5,0.83,0.18,78.40,82.90,0.81,82.28,0.23
5827,RandomForest,rand,1,0.84,0.05,94.10,84.20,0.89,90.00,0.39
5827,RandomForest,rand,2,0.76,0.28,69.00,76.30,0.73,74.12,0.39
5827,RandomForest,rand,3,0.74,0.17,78.40,74.40,0.76,79.07,0.38
5827,RandomForest,rand,4,0.76,0.21,74.40,76.30,0.75,77.65,0.38
5827,RandomForest,rand,5,0.89,0.09,88.60,88.60,0.89,89.87,0.38
7421,NaiveBayes,pw,1,0.40,0.14,75.00,39.50,0.52,62.67,0.20
7421,NaiveBayes,pw,2,0.83,0.23,79.20,82.60,0.81,80.00,0.20
7421,NaiveBayes,pw,3,0.61,0.72,26.90,60.90,0.37,38.16,0.20
7421,NaiveBayes,pw,4,0.33,0.13,62.50,33.30,0.44,65.79,0.21
7421,NaiveBayes,pw,5,0.58,0.22,87.90,58.00,0.70,63.24,0.21
7421,Logistic,pw,1,0.29,0.19,61.10,28.90,0.39,54.67,0.29
7421,Logistic,pw,2,0.87,0.30,75.50,87.00,0.81,78.89,0.28
7421,Logistic,pw,3,0.96,0.43,48.90,95.70,0.65,68.42,0.31
7421,Logistic,pw,4,0.30,0.11,64.30,30.00,0.41,65.79,0.28
7421,Logistic,pw,5,0.56,0.33,82.40,56.00,0.67,58.82,0.31
7421,MultilayerPerceptron,pw,1,0.45,0.41,53.10,44.70,0.49,52.00,4.61
7421,MultilayerPerceptron,pw,2,0.83,0.30,74.50,82.60,0.78,76.67,4.59
7421,MultilayerPerceptron,pw,3,0.83,0.32,52.80,82.60,0.64,72.37,4.90
7421,MultilayerPerceptron,pw,4,0.47,0.07,82.40,46.70,0.60,75.00,5.27
7421,MultilayerPerceptron,pw,5,0.56,0.17,90.30,56.00,0.69,63.24,5.01
7421,SMO,pw,1,0.24,0.27,47.40,23.70,0.32,48.00,0.33
7421,SMO,pw,2,0.83,0.23,79.20,82.60,0.81,80.00,0.27
7421,SMO,pw,3,1.00,0.72,37.70,100.00,0.55,50.00,0.28
7421,SMO,pw,4,0.50,0.11,75.00,50.00,0.60,73.68,0.31
7421,SMO,pw,5,0.58,0.22,87.90,58.00,0.70,63.24,0.28
7421,KStar,pw,1,0.42,0.27,61.50,42.10,0.50,57.33,0.20
7421,KStar,pw,2,0.80,0.21,80.40,80.40,0.80,80.00,0.21
7421,KStar,pw,3,0.87,0.19,66.70,87.00,0.76,82.89,0.21
7421,KStar,pw,4,0.17,0.15,41.70,16.70,0.24,57.89,0.20
7421,KStar,pw,5,0.66,0.28,86.80,66.00,0.75,67.65,0.20
7421,OneR,pw,1,0.16,0.05,75.00,15.80,0.26,54.67,0.21
7421,OneR,pw,2,0.83,0.00,100.00,82.60,0.91,91.11,0.20
7421,OneR,pw,3,0.48,0.04,84.60,47.80,0.61,81.58,0.20
7421,OneR,pw,4,0.07,0.00,100.00,6.70,0.13,63.16,0.20
7421,OneR,pw,5,0.58,0.11,93.50,58.00,0.72,66.18,0.21
7421,ZeroR,pw,1,0.00,0.00,0.00,0.00,0,49.33,0.20
7421,ZeroR,pw,2,0.00,0.00,0.00,0.00,0,48.89,0.20
7421,ZeroR,pw,3,1.00,1.00,30.30,100.00,0.47,30.26,0.20
7421,ZeroR,pw,4,1.00,1.00,39.50,100.00,0.57,39.47,0.20
7421,ZeroR,pw,5,0.00,0.00,0.00,0.00,0,26.47,0.19
7421,J48,pw,1,0.29,0.08,78.60,28.90,0.42,60.00,0.23
7421,J48,pw,2,0.89,0.21,82.00,89.10,0.85,84.44,0.24
7421,J48,pw,3,0.87,0.42,47.60,87.00,0.62,67.11,0.23
7421,J48,pw,4,0.17,0.26,29.40,16.70,0.21,51.32,0.23
7421,J48,pw,5,0.64,0.56,76.20,64.00,0.70,58.82,0.24
7421,RandomForest,pw,1,0.40,0.08,83.30,39.50,0.54,65.33,0.39
7421,RandomForest,pw,2,0.83,0.46,65.50,82.60,0.73,68.89,0.42
7421,RandomForest,pw,3,0.96,0.32,56.40,95.70,0.71,76.32,0.41
7421,RandomForest,pw,4,0.20,0.11,54.50,20.00,0.29,61.84,0.44
7421,RandomForest,pw,5,0.62,0.39,81.60,62.00,0.71,61.76,0.40
7421,NaiveBayes,rand,1,0.55,0.14,77.80,55.30,0.65,71.25,0.21
7421,NaiveBayes,rand,2,0.76,0.32,65.90,76.30,0.71,71.76,0.21
7421,NaiveBayes,rand,3,0.49,0.19,67.90,48.70,0.57,66.28,0.21
7421,NaiveBayes,rand,4,0.66,0.34,61.00,65.80,0.63,65.88,0.22
7421,NaiveBayes,rand,5,0.63,0.09,84.60,62.90,0.72,78.48,0.21
7421,Logistic,rand,1,0.50,0.14,76.00,50.00,0.60,68.75,0.32
7421,Logistic,rand,2,0.76,0.28,69.00,76.30,0.73,74.12,0.33
7421,Logistic,rand,3,0.59,0.21,69.70,59.00,0.64,69.77,0.36
7421,Logistic,rand,4,0.63,0.30,63.20,63.20,0.63,67.06,0.32
7421,Logistic,rand,5,0.80,0.11,84.80,80.00,0.82,84.81,0.33
7421,MultilayerPerceptron,rand,1,0.71,0.07,90.00,71.10,0.79,82.50,4.97
7421,MultilayerPerceptron,rand,2,0.84,0.38,64.00,84.20,0.73,71.76,4.97
7421,MultilayerPerceptron,rand,3,0.67,0.19,74.30,66.70,0.70,74.42,4.84
7421,MultilayerPerceptron,rand,4,0.66,0.04,92.60,65.80,0.77,82.35,5.02
7421,MultilayerPerceptron,rand,5,0.86,0.25,73.20,85.70,0.79,79.75,4.85
7421,SMO,rand,1,0.50,0.10,82.60,50.00,0.62,71.25,0.36
7421,SMO,rand,2,0.74,0.23,71.80,73.70,0.73,75.29,0.32
7421,SMO,rand,3,0.62,0.19,72.70,61.50,0.67,72.09,0.37
7421,SMO,rand,4,0.71,0.15,79.40,71.10,0.75,78.82,0.33
7421,SMO,rand,5,0.63,0.14,78.60,62.90,0.70,75.95,0.32
7421,KStar,rand,1,0.79,0.05,93.80,78.90,0.86,87.50,0.23
7421,KStar,rand,2,0.87,0.21,76.70,86.80,0.82,82.35,0.21
7421,KStar,rand,3,0.74,0.19,76.30,74.40,0.75,77.91,0.23
7421,KStar,rand,4,0.90,0.15,82.90,89.50,0.86,87.06,0.23
7421,KStar,rand,5,0.83,0.14,82.90,82.90,0.83,84.81,0.21
7421,OneR,rand,1,0.42,0.05,88.90,42.10,0.57,70.00,0.20
7421,OneR,rand,2,0.53,0.04,90.90,52.60,0.67,76.47,0.20
7421,OneR,rand,3,0.62,0.02,96.00,61.50,0.75,81.40,0.21
7421,OneR,rand,4,0.58,0.04,91.70,57.90,0.71,78.82,0.28
7421,OneR,rand,5,0.46,0.09,80.00,45.70,0.58,70.89,0.34
7421,ZeroR,rand,1,0.00,0.00,0.00,0.00,0,52.50,0.20
7421,ZeroR,rand,2,0.00,0.00,0.00,0.00,0,55.29,0.19
7421,ZeroR,rand,3,0.00,0.00,0.00,0.00,0,54.65,0.20
7421,ZeroR,rand,4,0.00,0.00,0.00,0.00,0,55.29,0.20
7421,ZeroR,rand,5,0.00,0.00,0.00,0.00,0,55.70,0.21
7421,J48,rand,1,0.66,0.12,83.30,65.80,0.74,77.50,0.23
7421,J48,rand,2,0.84,0.34,66.70,84.20,0.74,74.12,0.23
7421,J48,rand,3,0.74,0.13,82.90,74.40,0.78,81.40,0.24
7421,J48,rand,4,0.74,0.30,66.70,73.70,0.70,71.76,0.23
7421,J48,rand,5,0.83,0.18,78.40,82.90,0.81,82.28,0.22
7421,RandomForest,rand,1,0.82,0.02,96.90,81.60,0.89,90.00,0.43
7421,RandomForest,rand,2,0.76,0.28,69.00,76.30,0.73,74.12,0.43
7421,RandomForest,rand,3,0.77,0.17,78.90,76.90,0.78,80.23,0.44
7421,RandomForest,rand,4,0.76,0.21,74.40,76.30,0.75,77.65,0.47
7421,RandomForest,rand,5,0.83,0.14,82.90,82.90,0.83,84.81,0.50